4294967278,251
4294967279,469
4294967278,243
4294967279,464
321,4
321,3
321,2
321,1
320,6
320,5
320,4
320,3
320,2
320,1
4294967279,462
319,8
319,7
319,6
319,5
319,4
319,3
319,2
319,1
318,7
318,6
318,5
318,4
318,3
318,2
318,1
317,7
317,6
317,5
317,4
317,3
317,2
317,1
316,6
316,5
316,4
316,3
316,2
316,1
315,6
315,5
315,4
315,3
315,2
315,1
4294967279,461
4294967278,235
4294967278,229
314,4
314,3
314,2
314,1
313,6
313,5
313,4
313,3
313,2
313,1
312,8
312,7
312,6
312,5
312,4
312,3
312,2
312,1
311,7
311,6
311,5
311,4
311,3
311,2
311,1
310,7
310,6
310,5
310,4
310,3
310,2
310,1
309,6
309,5
309,4
309,3
309,2
309,1
4294967279,456
308,6
308,5
308,4
308,3
308,2
308,1
4294967278,221
4294967279,454
307,4
307,3
307,2
307,1
306,6
306,5
306,4
306,3
306,2
306,1
4294967279,450
4294967279,319
305,8
305,7
305,6
305,5
305,4
305,3
305,2
305,1
304,7
304,6
304,5
304,4
304,3
304,2
304,1
303,7
303,6
303,5
303,4
303,3
303,2
303,1
302,6
302,5
302,4
302,3
302,2
302,1
301,6
301,5
301,4
301,3
301,2
301,1
4294967279,317
300,4
300,3
300,2
300,1
299,6
299,5
299,4
299,3
299,2
299,1
298,8
298,7
298,6
298,5
298,4
298,3
298,2
298,1
297,7
297,6
297,5
297,4
297,3
297,2
297,1
296,7
296,6
296,5
296,4
296,3
296,2
296,1
295,6
295,5
295,4
295,3
295,2
295,1
294,6
294,5
294,4
294,3
294,2
294,1
4294967278,217
293,4
293,3
293,2
293,1
292,6
292,5
292,4
292,3
292,2
292,1
291,8
291,7
291,6
291,5
291,4
291,3
291,2
291,1
290,7
290,6
290,5
290,4
290,3
290,2
290,1
289,7
289,6
289,5
289,4
289,3
289,2
289,1
4294967279,313
288,6
288,5
288,4
288,3
288,2
288,1
287,6
287,5
287,4
287,3
287,2
287,1
4294967278,381
4294967278,380
286,4
286,3
286,2
286,1
4294967279,311
285,6
285,5
285,4
285,3
285,2
285,1
4294967279,310
284,8
284,7
284,6
284,5
284,4
284,3
284,2
284,1
283,7
283,6
283,5
283,4
283,3
283,2
283,1
282,7
282,6
282,5
282,4
282,3
282,2
282,1
281,6
281,5
281,4
281,3
281,2
281,1
280,6
280,5
280,4
280,3
280,2
280,1
4294967278,378
279,4
279,3
279,2
279,1
278,6
278,5
278,4
278,3
278,2
278,1
4294967279,309
277,8
277,7
277,6
277,5
277,4
277,3
277,2
277,1
276,7
276,6
276,5
276,4
276,3
276,2
276,1
275,7
275,6
275,5
275,4
275,3
275,2
275,1
274,6
274,5
274,4
274,3
274,2
274,1
273,6
273,5
273,4
273,3
273,2
273,1
272,4
272,3
272,2
272,1
271,6
271,5
271,4
271,3
271,2
271,1
270,8
270,7
270,6
270,5
270,4
270,3
270,2
270,1
269,7
269,6
269,5
269,4
269,3
269,2
269,1
268,7
268,6
268,5
268,4
268,3
268,2
268,1
267,6
267,5
267,4
267,3
267,2
267,1
266,6
266,5
266,4
266,3
266,2
266,1
265,4
265,3
265,2
265,1
264,6
264,5
264,4
264,3
264,2
264,1
263,8
263,7
263,6
263,5
263,4
263,3
263,2
263,1
262,7
262,6
262,5
262,4
262,3
262,2
262,1
4294967279,306
261,7
261,6
261,5
261,4
261,3
261,2
261,1
260,6
260,5
260,4
260,3
260,2
260,1
259,6
259,5
259,4
259,3
259,2
259,1
4294967278,371
4294967278,370
258,4
258,3
258,2
258,1
257,6
257,5
257,4
257,3
257,2
257,1
256,8
256,7
256,6
256,5
256,4
256,3
256,2
256,1
255,7
255,6
255,5
255,4
255,3
255,2
255,1
254,7
254,6
254,5
254,4
254,3
254,2
254,1
253,6
253,5
253,4
253,3
253,2
253,1
252,6
252,5
252,4
252,3
252,2
252,1
4294967278,365
251,4
251,3
251,2
251,1
250,6
250,5
250,4
250,3
250,2
250,1
249,8
249,7
249,6
249,5
249,4
249,3
249,2
249,1
248,7
248,6
248,5
248,4
248,3
248,2
248,1
247,7
247,6
247,5
247,4
247,3
247,2
247,1
246,6
246,5
246,4
246,3
246,2
246,1
4294967278,362
245,6
245,5
245,4
245,3
245,2
245,1
244,4
244,3
244,2
244,1
243,6
243,5
243,4
243,3
243,2
243,1
242,8
242,7
242,6
242,5
242,4
242,3
242,2
242,1
241,7
241,6
241,5
241,4
241,3
241,2
241,1
240,7
240,6
240,5
240,4
240,3
240,2
240,1
239,6
239,5
239,4
239,3
239,2
239,1
238,6
238,5
238,4
238,3
238,2
238,1
4294967278,357
237,4
237,3
237,2
237,1
236,6
236,5
236,4
236,3
236,2
236,1
4294967278,356
4294967278,355
235,8
235,7
235,6
235,5
235,4
235,3
235,2
235,1
234,7
234,6
234,5
234,4
234,3
234,2
234,1
233,7
233,6
233,5
233,4
233,3
233,2
233,1
232,6
232,5
232,4
232,3
232,2
232,1
231,6
231,5
231,4
231,3
231,2
231,1
4294967279,303
4294967279,300
4294967278,354
230,4
230,3
230,2
230,1
229,6
229,5
229,4
229,3
229,2
229,1
228,8
228,7
228,6
228,5
228,4
228,3
228,2
228,1
4294967278,351
227,7
227,6
227,5
227,4
227,3
227,2
227,1
4294967278,350
226,7
226,6
226,5
226,4
226,3
226,2
226,1
225,6
225,5
225,4
225,3
225,2
225,1
224,6
224,5
224,4
224,3
224,2
224,1
223,4
223,3
223,2
223,1
222,6
222,5
222,4
222,3
222,2
222,1
221,8
221,7
221,6
221,5
221,4
221,3
221,2
221,1
4294967278,346
220,7
220,6
220,5
220,4
220,3
220,2
220,1
219,7
219,6
219,5
219,4
219,3
219,2
219,1
218,6
218,5
218,4
218,3
218,2
218,1
217,6
217,5
217,4
217,3
217,2
217,1
4294967278,343
4294967279,299
216,4
216,3
216,2
216,1
215,6
215,5
215,4
215,3
215,2
215,1
4294967278,341
4294967278,340
214,8
214,7
